-0.0000344739099248580227485318216995580087314010597765445709228516
-0.0000320074120112164516548103332382879671058617532253265380859375
-0.0000279777965369423209352449377629312721182941459119319915771484
-0.0000279173200345129055260744166400144194994936697185039520263672
-0.0000285881470576226486826273975871970378648256883025169372558594
-0.0000278221450789969275191240022371275131263246294111013412475586
-0.0000262516094116377335246706459237486797064775601029396057128906
-0.0000259910108485265303084662397159476654451282229274511337280273
-0.0000270462131861392722281464684463969661010196432471275329589844
-0.0000298206925037094589252695958636607542757701594382524490356445
-0.0000317986438967445198661675165308082569026737473905086517333984
-0.0000310378021647407474343897948454440438581514172255992889404297
-0.0000300920739709797990856041810525667301590146962553262710571289
-0.0000282911312901351871579476437990052772875060327351093292236328
-0.0000313735258812013233708712589553613270254572853446006774902344
-0.0000337837859596227407408750020856302853644592687487602233886719
-0.0000368281625174611996023123217103290016893879510462284088134766
-0.0000375798405709380976239160354612778291993890888988971710205078
-0.0000338197286365181013206154814199067004665266722440719604492188
-0.0000296939562618650944975876720954843790423183236271142959594727
-0.0000301396252497588524005105170555651739050517790019512176513672
-0.0000316622160643127250928725857637147100831498391926288604736328
-0.0000332664370830124865802482347909574400546262040734291076660156
-0.0000336579606793464437418557377856842549590510316193103790283203
-0.0000318369243356231163282095419919670575836789794266223907470703
-0.0000335692067683807950605190395521049140370450913906097412109375
-0.0000350442348492106540611655540740088099482818506658077239990234
-0.0000359926400432128437375557672428527666852460242807865142822266
-0.0000356379564083149423352192552982842244091443717479705810546875
-0.0000351625918965748165447016138074332047835923731327056884765625
-0.0000331273710212887412978645385042142379461438395082950592041016
-0.0000310604124378073876452770185618845744102145545184612274169922
-0.0000336294575193585187802662594958036379466648213565349578857422
-0.0000360872430534096760097913236808864212434855289757251739501953
-0.0000368228822188527410278792439957129545291536487638950347900391
-0.0000382858427706262319863313170476004643205669708549976348876953
-0.0000393400241622966339444245065237737435381859540939331054687500
-0.0000368873105679326662048080065492428047946305014193058013916016
-0.0000360834939249038728491421335053956909177941270172595977783203
-0.0000339191217111420312150041334042782636970514431595802307128906
-0.0000290667774900993870128371870942274313165398780256509780883789
-0.0000270917523835817694610218764328379847938776947557926177978516
-0.0000262300597616199466480431390369432165243779309093952178955078
-0.0000249247075909192113694120424005618019691610243171453475952148
-0.0000238323508613624702036186409070950276145595125854015350341797
-0.0000238779621118014915930570507551777836852124892175197601318359
-0.0000229367369576072458001603920907385258942667860537767410278320
-0.0000228747686485773991927044485050757316457747947424650192260742
-0.0000199255835067786277908005038161931565809936728328466415405273
-0.0000154182327021556849443433695467930988343141507357358932495117
-0.0000135940153912050974065271052859671385704132262617349624633789
-0.0000161460384132201459610883587103558056696783751249313354492188
-0.0000190280022666591959142664419735169190062151756137609481811523
-0.0000287782930495761093687805132201873448138940148055553436279297
-0.0000376841264041450453104245554847295807121554389595985412597656
-0.0000398108209946141571120709068409837527724448591470718383789062
-0.0000401334470834070018360750786712287663249298930168151855468750
-0.0000401643427070692358017527101576860104614752344787120819091797
-0.0000405202357868568343972348611004008489544503390789031982421875
-0.0000434605204416152804663270314833312113478314131498336791992188
-0.0000490569391441055268092072405572423576813889667391777038574219
-0.0000558748222155353152225225332738745009919512085616588592529297
-0.0000616472582211678786327790913190938226762227714061737060546875
-0.0000629688466527741046033575522677949720673495903611183166503906
-0.0000617276629332406110740871785225181156420148909091949462890625
-0.0000594349489765262265590292645178749353362945839762687683105469
-0.0000576294792235733946634060331781768127257237210869789123535156
-0.0000604438158679705987361141517055784788681194186210632324218750
-0.0000662074847551547571253977020333536529506091028451919555664062
-0.0000704600003746114607284731223835194668936310335993766784667969
-0.0000765766727922958671858147394750915282202186062932014465332031
-0.0000782662094089428897469851165169529849663376808166503906250000
-0.0000809119002586217714919486487801236762607004493474960327148438
-0.0000813478581192619604363358565279895628918893635272979736328125
-0.0000860828967534761434589676842854544247529702261090278625488281
-0.0000932352814213959906223735951691367063176585361361503601074219
-0.0000966900312505771696502607226442194132687291130423545837402344
-0.0000958854609392611600005712491068265990179497748613357543945312
-0.0000894271714624090999050387562618880110676400363445281982421875
-0.0000805715612060216074177126932553960614313837140798568725585938
-0.0000718283827668812508565610031041615002322942018508911132812500
-0.0000738664262576137198561959662512776958465110510587692260742188
-0.0000754767665474404117259207835921586138283601030707359313964844
-0.0000773442171429546013270567295094792825693730264902114868164062
-0.0000696810506029350222416407500958257514867000281810760498046875
-0.0000597797145758469986834456044721974876665626652538776397705078
-0.0000513182471553850648362388175982573557121213525533676147460938
-0.0000357730074803399536887554832631508361373562365770339965820312
-0.0000315020040402982110113415392671498693744069896638393402099609
-0.0000328765535802152524544675338269428266357863321900367736816406
-0.0000404619807440382523258150249123588082511560060083866119384766
-0.0000521261570295109173678316238920160685665905475616455078125000
-0.0000613804799187265702400256861537286567909177392721176147460938
-0.0000527493710040299057799535742407925908992183394730091094970703
-0.0000358978323455951494106407062556485243476345203816890716552734
-0.0000174597869435916439007864392474189685344754252582788467407227
-0.0000136699898344593507914851091000763005922635784372687339782715
-0.0000127634280658134422766327234488592523575789527967572212219238
-0.0000116278867047041030522575022487785645353142172098159790039062
-0.0000202376285739897700667426494458567276524263434112071990966797
-0.0000209972773658816144032833450605579628245322965085506439208984
-0.0000196108053288161257555425459608855476290045771747827529907227
-0.0000239460102436259149284118047384950500600098166614770889282227
-0.0000244639643451817246104160186170872748334659263491630554199219
-0.0000231259379283927245967485836208865634944231715053319931030273
-0.0000357957180504900308003202180628932183026336133480072021484375
-0.0000545490241169622070566136429192738432902842760086059570312500
-0.0000691781225509802084926505583162281709519447758793830871582031
-0.0000718125901507293877773854817725407428952166810631752014160156
-0.0000717083474058346213072384633946398935222532600164413452148438
-0.0000830544360080601493752025521466464397235540673136711120605469
-0.0000900623260990618493835105362599335876438999548554420471191406
-0.0000982971509319895467553934720328356888785492628812789916992188
-0.0000983354903043129238270764203022622496064286679029464721679688
-0.0000944738964569122037333304131578870510566048324108123779296875
-0.0000896054651598071231826878046966555757535388693213462829589844
-0.0000788427643048448384670984223632217435806524008512496948242188
-0.0000713406590063535609672756843124830083979759365320205688476562
-0.0000768900889605580946427679234211893799511017277836799621582031
-0.0000898914637191563733499555244321754798875190317630767822265625
-0.0001039408621597739501140472695439598282973747700452804565429688
-0.0001084496915112829459664975373378581480210414156317710876464844
-0.0000954432307919122205818948656563804888719459995627403259277344
-0.0000890563054762497465551701614216995039896573871374130249023438
-0.0000874170306858950075168043780671212061861297115683555603027344
-0.0000834252250925851502553337590839532822428736835718154907226562
-0.0000752356568818375056164129976998822257883148267865180969238281
-0.0000721383114812782492335577200215368520730407908558845520019531
-0.0000657738458952911045438810555552322512085083872079849243164062
-0.0000588141271642647034639632408481446645964751951396465301513672
-0.0000538079787148028815041075900715838997712126001715660095214844
-0.0000579691215418706910322658998335754176878253929316997528076172
-0.0000621376176399177852349015038768698104831855744123458862304688
-0.0000701059996136309721047677467886671820451738312840461730957031
-0.0000641490948890580624502238960005229273519944399595260620117188
-0.0000426621304587005025334492391841934022522764280438423156738281
-0.0000311594427462843142706896970572927330067614093422889709472656
-0.0000293355954548801932271848841304873189983482006937265396118164
-0.0000331571955703464785799455816217573556059505790472030639648438
-0.0000424521710884934153659546474113284375562216155230998992919922
-0.0000384621044740751755436174164071161385436425916850566864013672
-0.0000138330293967409241395272526120585609987756470218300819396973
0.0000178967766459402703022301545088268426297872792929410934448242
0.0000497655388333146866822534470919947580114239826798439025878906
0.0000774983881922275175168149385918070493062259629368782043457031
0.0000828312983597461908796474872040960235608508810400962829589844
0.0000703873883225386505783569002225874555733753368258476257324219
0.0000750235313745802588104860664230955080711282789707183837890625
0.0000739837668576057903803075421755863771977601572871208190917969
0.0000780466586257678069131135667468868177820695564150810241699219
0.0000877245434045385998706942376479389622545568272471427917480469
0.0000839042492198436976914843743458050084882415831089019775390625
0.0000605255217311158439058398073040478948314557783305644989013672
0.0000500515314674530330577538472791587764731957577168941497802734
0.0000384364417134335260243377385691587733163032680749893188476562
0.0000131429386545318043584204548146487923077074810862541198730469
0.0000132069921035417366258178650806343057411140762269496917724609
0.0000102010073447062363737568302379798979018232785165309906005859
0.0000234169237186628702589077238860326701797021087259054183959961
0.0000291618277127848384781393792364312389508995693176984786987305
0.0000314523063766896125237684800346471547527471557259559631347656
0.0000314008895979880382895096935236267654545372352004051208496094
0.0000305711685073186019683671998947716019756626337766647338867188
0.0000253780791347591465790135140112582234905858058482408523559570
0.0000306813915445404219463874928575108924633241258561611175537109
0.0000637464842916376042171455740259489175514318048954010009765625
0.0000769890075169846790610964082368639083142625167965888977050781
0.0000731821168660679076747865856589214672567322850227355957031250
0.0000293056383154480461401564933554553249450691509991884231567383
-0.0000060669203852542835588186609374616864442941732704639434814453
-0.0000365128136836411143961375613820052876690169796347618103027344
-0.0000362957511977606903769665025460966489845304749906063079833984
-0.0000093647440883716985364753487841582568762532901018857955932617
0.0000048316746066510839901792656592149910466105211526155471801758
0.0000007882443910598779398358560213666557103806553641334176063538
-0.0000131695165153056566599131665951105674139398615807294845581055
-0.0000371255828237330087401857348083922261139377951622009277343750
-0.0000412062359505358208095100736034765986914862878620624542236328
-0.0000132307743217759117657517792254751043401483912020921707153320
0.0000243103693552077612021009717091502011498960200697183609008789
0.0000585078214864406877010645502412700125205446965992450714111328
0.0000447624755521212915857116876328092303083394654095172882080078
0.0000232803368406984789566478016853423582688265014439821243286133
0.0000005661386283343639384192549739160948973903941805474460124969
-0.0000436135147725793102953771585017506140502518974244594573974609
-0.0000533721616374981282292060125183041918717208318412303924560547
-0.0000454430616018701555281454618206993245621561072766780853271484
-0.0000283599989838110456551612675868412338786583859473466873168945
-0.0000230130539174343275393794933103563948861847165971994400024414
-0.0000357281447593777102189269156973239205399295315146446228027344
-0.0000578948042762881655916469558764703151609865017235279083251953
-0.0000618735888632311890932349851546234731358708813786506652832031
-0.0000790334135254385828934370339382553538598585873842239379882812
-0.0000569896701917935131760477307505396993292379193007946014404297
-0.0000205683683864729346685989996856847028539050370454788208007812
0.0000050154680736790809272222617376524311794128152541816234588623
0.0000447845776906862660482304405729081508980016224086284637451172
0.0000564282590603545035476060198753600616328185424208641052246094
0.0000566254782743029548390534255730699442210607230663299560546875
0.0000557657360161151462673266576697272967066965065896511077880859
0.0000545610724780675555509179552871046325890347361564636230468750
0.0000724945392202596306137352133447393498499877750873565673828125
0.0000864155794222007357045095554681779503880534321069717407226562
0.0000667922825059827390175096195612525207252474501729011535644531
0.0000397076833959562707204032916408209530345629900693893432617188
-0.0000325734739675210210147968115101946295908419415354728698730469
-0.0000769780656282319008859235665021003569563617929816246032714844
-0.0000462601804208662904685338268517824644732172600924968719482422
0.0000160674114917474455553527551421311159174365457147359848022461
0.0000542902132985079695164619406622108499504975043237209320068359
0.0000730818010438243038321554090330778308270964771509170532226562
0.0000650783599311847808788211722230698796920478343963623046875000
0.0000499167264676636483343614980601188335640472359955310821533203
0.0000611869262623546247750055959713222364371176809072494506835938
0.0001293517330850884987369919798538830946199595928192138671875000
0.0001763267340973409449261799508690273796673864126205444335937500
0.0001482076955935444602992928642137826500402297824621200561523438
0.0001243220195867796062146742874787719301821198314428329467773438
0.0001174525275175461377094934811715631894912803545594215393066406
0.0001154819097137568540680993556257760701555525884032249450683594
0.0001528552015469114024569241561124499639845453202724456787109375
0.0001836939773009125241066963329927830272936262190341949462890625
0.0001598944164483750767988268215447078546276316046714782714843750
0.0001327634852471611538304169242152852348226588219404220581054688
0.0001396165562079554117377866440108391543617472052574157714843750
0.0001943782649425747030037803231294901706860400736331939697265625
0.0002249491644826362283550447163094077041023410856723785400390625
0.0002526855960255356726984476978259408497251570224761962890625000
0.0002464791140549351701471980646829251782037317752838134765625000
0.0002138602003725212981777997756083209424105007201433181762695312
0.0001695427149372204385889550959376492755836807191371917724609375
0.0001028759682330497192068174960866144829196855425834655761718750
0.0000518782496405977041459799126155161275164573453366756439208984
-0.0000464483420329737817385494513811039496431476436555385589599609
-0.0001262203662898018152131035529706082343182060867547988891601562
-0.0001779961758693450555451898154046830313745886087417602539062500
-0.0001354954987721640490873353801504208604455925524234771728515625
-0.0000936836076562184923198842168012845377234043553471565246582031
0.0000132909770962532486869578374211187110631726682186126708984375
0.0001563127385966667410883285116440788442560005933046340942382812
0.0002375869882994612557452346335296056167862843722105026245117188
0.0002788758839892450198602591449059673323063179850578308105468750
0.0002938738511146761294388907170826996662071906030178070068359375
0.0003264704665531522145317799843411421534256078302860260009765625
0.0003042366938079270636749451561797741305781528353691101074218750
0.0003321321710277962656332473301290519884787499904632568359375000
0.0003045678359154316543894180924212378158699721097946166992187500
0.0002423314844001851460844609853495512652443721890449523925781250
0.0001965767556928700793891090503606733363994862884283065795898438
0.0001504648864648450525861866911014885772601701319217681884765625
0.0000990319999150940778829405042316125218349043279886245727539062
0.0001114399468211302893184619366984122734720585867762565612792969
0.0001338561416934914809206969010801913100294768810272216796875000
0.0001285363643929712861111586130746786693634930998086929321289062
0.0002181192015103038215218661521888066090468782931566238403320312
0.0002918147373144908151600118717539089630008675158023834228515625
0.0003427054214410682475566716220782836899161338806152343750000000
0.0004342847438601118580277227199104572719079442322254180908203125
0.0004746471472139966057447735270358180059702135622501373291015625
0.0004542950497110117961431507982439370607607997953891754150390625
0.0004084521145866782656716487132086967903887853026390075683593750
0.0002702095470909340662810094180201758717885240912437438964843750
0.0001254189062032676151188514968026765927788801491260528564453125
0.0001227640853701794372392075427313784530269913375377655029296875
0.0001547292008932112886837595411293477809522300958633422851562500
0.0001870907357531109965059767930029011040460318326950073242187500
0.0001342441934319741573405915247008124424610286951065063476562500
0.0001729914096061270088917904974579187182825990021228790283203125
0.0002394913987090170430765273534845505309931468218564987182617188
0.0003006757686574961906805780742502065550070255994796752929687500
0.0003159321341062217838521752888425453420495614409446716308593750
0.0002602198734853868955854694355878109490731731057167053222656250
0.0002507121270326840081765773504685057559981942176818847656250000
0.0003534257405350659788853540099751171510433778166770935058593750
0.0004208918593041262334354668528391130166710354387760162353515625
0.0004458490050348647842914928673963004257529973983764648437500000
0.0004738406313141400741720254963240677170688286423683166503906250
0.0004899945707709602244275814975082994351396337151527404785156250
0.0005568535269600079131574466018150815216358751058578491210937500
0.0005077372552957558566114060205620717169949784874916076660156250
0.0003906885917807598499959520488289399509085342288017272949218750
0.0003382783293056319871665305054619921065750531852245330810546875
0.0002907701656116126764407836535752949203015305101871490478515625
0.0002712293101614993498515993053388228872790932655334472656250000
0.0003062748280174463176572796641039531095884740352630615234375000
0.0003177710080673617240414052798058719417895190417766571044921875
0.0004013709444791702346359840714029587616096250712871551513671875
0.0004144203542223818203214802391443072338006459176540374755859375
0.0004298315747339003217025732439537932805251330137252807617187500
0.0005084258424086729412014196149982581118820235133171081542968750
0.0005131979930162496993800713696032289590220898389816284179687500
0.0005402892541513803917677116750439836323494091629981994628906250
0.0005934821236550059334741158423298656998667865991592407226562500
0.0005403178730320077000418010904070342803606763482093811035156250
0.0004829816462539040177424920496918048229417763650417327880859375
0.0004540499337850646688341527124066487886011600494384765625000000
0.0004196464371257864955575000998067025648197159171104431152343750
0.0003552674957399344396642704158040260153939016163349151611328125
0.0001847532741541273084567853501880563271697610616683959960937500
0.0001050437052859210456485714035856915415934054180979728698730469
0.0001240593030269135789000339853416221558290999382734298706054688
0.0001786933647693967946914334055108497523178812116384506225585938
0.0003352430025522326649881077464954159950139001011848449707031250
0.0006132512601427059749370496177789391367696225643157958984375000
0.0008372263863614565508261544657386821199906989932060241699218750
0.0009961590669585135369296091667479231546167284250259399414062500
0.0009293726570592477547252951985967683867784217000007629394531250
0.0006634915020729715163377848696768523950595408678054809570312500
0.0003404371390854440829545901614494596287840977311134338378906250
-0.0000134130672849091321825742983975260358420200645923614501953125
-0.0001180647758322336755886297621209735098091186955571174621582031
-0.0001745598913077245058298597735202406511234585195779800415039062
0.0000011486622717701654975455379317783588533075089799240231513977
0.0002173042682085734656535075393080091998854186385869979858398438
0.0004936053465869640315827338028498161293100565671920776367187500
0.0006713571313455298601377552181190822011558338999748229980468750
0.0008347468977009180838427804260959419480059295892715454101562500
0.0010670499182005369065429079000750789418816566467285156250000000
0.0012167415322848183518306131034591999195981770753860473632812500
0.0012259289729983297370652373103894205996766686439514160156250000
0.0010602590331762903018419930134541573352180421352386474609375000
0.0010090525773841338592895500170243394677527248859405517578125000
0.0007969221914248463900856678243656006088713183999061584472656250
0.0006581533732961713980408324786708362807985395193099975585937500
0.0006811876086242294467756885900655561272287741303443908691406250
0.0008229085749235011838093045710706974205095320940017700195312500
0.0009054659746737922423193145604614073818083852529525756835937500
0.0009104646754557635217330879839892077143304049968719482421875000
0.0008458597176167295152160452431644444004632532596588134765625000
0.0005213436736834878596977271847379142855061218142509460449218750
0.0002867164673454386178419461828070780029520392417907714843750000
0.0001674975731626685709636098708941176482767332345247268676757812
0.0000822072463205311861067503542699341778643429279327392578125000
0.0001077008217573477855816266313127016474027186632156372070312500
0.0003537714442273584688689047617060623451834544539451599121093750
0.0004749825263500641065600449408634631254244595766067504882812500
0.0003773360994046252988795564498047951929038390517234802246093750
0.0003449661187836276180634920152101585699710994958877563476562500
0.0003790750915953508635297675155584329331759363412857055664062500
0.0004905628969395072012243952386256751196924597024917602539062500
0.0006872688806230768405330922021789774589706212282180786132812500
0.0010891606643079485353120539059545990312471985816955566406250000
0.0012545269212166890344939407242463857983238995075225830078125000
0.0011827893759629559255336372913802733819466084241867065429687500
0.0007990693798900045611427467306953076331410557031631469726562500
0.0004480838952857221302653045746922089165309444069862365722656250
0.0001983470516931955176121588069193535375234205275774002075195312
0.0002958521615597973185296520881593096419237554073333740234375000
0.0006084615586774318185536714054251206107437610626220703125000000
0.0011641627390614828554959991890882520237937569618225097656250000
0.0014868380467701746306535826036565595131833106279373168945312500
0.0013126075666966927502771200764186687592882663011550903320312500
0.0012487536986536852678941755812047631479799747467041015625000000
0.0011315018415442191102721070095071809191722422838211059570312500
0.0010721384843965665184528646136641327757388353347778320312500000
0.0016532147071008985225043508293651939311530441045761108398437500
0.0021972013214048759927043974471416731830686330795288085937500000
0.0022334540189980780187928299795885322964750230312347412109375000
0.0021485434962572741435238299345655832439661026000976562500000000
0.0017491699818175470391989900775797650567255914211273193359375000
0.0013067635774570902397473393108384698280133306980133056640625000
0.0012089000310372358809596349260573333594948053359985351562500000
0.0013380896236104289093865604698407878458965569734573364257812500
0.0013919317673812506720026904716291937802452594041824340820312500
0.0012146451277106498720798066770498735422734171152114868164062500
0.0008840480195876364343313125182532985490979626774787902832031250
0.0007507501521848730001787441956651036889525130391120910644531250
0.0009024264428719710930820729899437537824269384145736694335937500
0.0013968762259398673133276025382087937032338231801986694335937500
0.0017724409534445005609537560076205409131944179534912109375000000
0.0019421952196556210249595020300716896599624305963516235351562500
0.0021021909230647169847250310681374685373157262802124023437500000
0.0017297630782541857305534271915803401498124003410339355468750000
0.0014623845595687242054222521048245653219055384397506713867187500
0.0014635045698141392524899151439399247465189546346664428710937500
0.0012226824520539106896238612520733113342430442571640014648437500
0.0011653870926885009050300023858426357037387788295745849609375000
0.0014104159014860042677119711385103073553182184696197509765625000
0.0015039339560763149549610373512109617877285927534103393554687500
0.0018841015487375053095303600869669935491401702165603637695312500
0.0020082199441663825534298837283131433650851249694824218750000000
0.0020299545450280088824956958859502265113405883312225341796875000
0.0019763284750327751206067095068874550634063780307769775390625000
0.0016815014144114716777150819737585152324754744768142700195312500
0.0016508140601081660713694843067855799745302647352218627929687500
0.0016336653928798233661318084486424595525022596120834350585937500
0.0018398131930494987344715251964544222573749721050262451171875000
0.0021974821766673133249803129274368984624743461608886718750000000
0.0025937260972166043156150738724363691289909183979034423828125000
0.0024170819770512187545097315677367078023962676525115966796875000
0.0025435605369458912268509909182512274128384888172149658203125000
0.0020407389932414715487396517090701308916322886943817138671875000
0.0017182738581301947033974641954046091996133327484130859375000000
0.0015352053118194012356484412507029446715023368597030639648437500
0.0013752535006618035740011407597194192931056022644042968750000000
0.0017547240511530135063239521642231011355761438608169555664062500
0.0019572385492387868628771929735421508667059242725372314453125000
0.0027102404999571234889277349111580406315624713897705078125000000
0.0035692447111845037113764256275771913351491093635559082031250000
0.0041659710056389121640707529081737447995692491531372070312500000
0.0037404555263001043607928863821143750101327896118164062500000000
0.0028757747415722786227254559321409033145755529403686523437500000
0.0021913759453892063359947695033724812674336135387420654296875000
0.0022969277399564214797722527805490244645625352859497070312500000
0.0031964536231857743932283089094426031806506216526031494140625000
0.0039451130864937991940544215196950972313061356544494628906250000
0.0042502809949669243319569922334721923107281327247619628906250000
0.0032017234132711977143137538348582893377169966697692871093750000
0.0021756877231916679424350569149737566476687788963317871093750000
0.0015516206137960472741937900664765948022250086069107055664062500
0.0017029657751075472343210703840554742782842367887496948242187500
0.0021921685469325929464246005551331109018065035343170166015625000
0.0025747264527814449873444058169980053207837045192718505859375000
0.0027457421970358427375236143319625625736080110073089599609375000
0.0027993704983048104187326465819296572590246796607971191406250000
0.0035479709285738186483327716302937915315851569175720214843750000
0.0044004554341659776403594683813480514800176024436950683593750000
0.0047062698328554806656565112632506497902795672416687011718750000
0.0044624029296259862947815477696167363319545984268188476562500000
0.0052420786981381374200483769243419374106451869010925292968750000
0.0058109030710344032610858988618929288350045680999755859375000000
0.0056281418365011128684960439727547054644674062728881835937500000
0.0043141276193990382020748697300405183341354131698608398437500000
0.0035273085193067645233544471494724348303861916065216064453125000
0.0030095764965632314236199107426728005520999431610107421875000000
0.0031838900667230567512189232104447000892832875251770019531250000
0.0040381234860399402991637529680701845791190862655639648437500000
0.0055239202566839231203776883205591730074957013130187988281250000
0.0066862575669332201255823378005516133271157741546630859375000000
0.0059881325762229367301592297678780596470460295677185058593750000
0.0036168454745069090680575918383965472457930445671081542968750000
0.0014001727879665720744029044908529613167047500610351562500000000
0.0014034307475312925075211500924865504202898591756820678710937500
0.0036930073129692571679005830276310007320716977119445800781250000
0.0068242938514878354744341848459043831098824739456176757812500000
0.0078525128694143467994459584247124439571052789688110351562500000
0.0054904846735593310427803181994477199623361229896545410156250000
0.0030690297427253183416839821262556142755784094333648681640625000
0.0020295057905000070570811221415397085365839302539825439453125000
0.0011315514235557043529883936017199630441609770059585571289062500
0.0014153741066931921008253958405020966893061995506286621093750000
0.0027425799704653046687252704316506424220278859138488769531250000
0.0041815428089134448058628024114113941323012113571166992187500000
0.0043649920920299884949389301880273706046864390373229980468750000
0.0039230805142005421848327983980198041535913944244384765625000000
0.0034660711905563565404797543578752083703875541687011718750000000
0.0021875816785526035028464075793408483150415122509002685546875000
0.0032837493463831845912082041394342013518325984477996826171875000
0.0054671378219881185817063951049021852668374776840209960937500000
0.0040163885017456693940496315065047383541241288185119628906250000
0.0016523472363132111605937835108193212363403290510177612304687500
0.0019465632909159255765907392543567766551859676837921142578125000
0.0015382276235696215865161873281863336160313338041305541992187500
0.0037022965235606435097093225294884177856147289276123046875000000
0.0060012231115635977438116377413734880974516272544860839843750000
0.0070849355173500747767656449127571249846369028091430664062500000
0.0082327544458142432742819849522675212938338518142700195312500000
0.0075690961312807475414032865046465303748846054077148437500000000
0.0053196717673609670781753600010688387556001543998718261718750000
0.0048837732256248938753073751684041781118139624595642089843750000
0.0028070994731347132314369652306140778819099068641662597656250000
0.0008259293873661262492050227912443460809299722313880920410156250
0.0017636191306463478139371359176834630488883703947067260742187500
0.0022728061720705496941141721123358365730382502079010009765625000
0.0061629535365961413129198831484245602041482925415039062500000000
0.0083207485468555549695812700861097255256026983261108398437500000
0.0096201011193420039868673399041654192842543125152587890625000000
0.0032695055726278841531917684903874032897874712944030761718750000
0.0001112545251173693763163674574911965464707463979721069335937500
0.0025338901119933130746952887335510240518487989902496337890625000
0.0021962086878827020292037630611048371065407991409301757812500000
0.0025554316243571284332503079639309362391941249370574951171875000
0.0077218485019800043450688420421101909596472978591918945312500000
0.0086747792777663174090818642980593722313642501831054687500000000
0.0044282011496886361512359542302874615415930747985839843750000000
0.0072146202825870029903820856986840226454660296440124511718750000
0.0048433084707732287216286337638848635833710432052612304687500000
0.0065533863046680507907781887411147181410342454910278320312500000
0.0069102902530525055213583840441060601733624935150146484375000000
0.0035667727935847787917866824614065990317612886428833007812500000
0.0063557819264525410030142182904455694369971752166748046875000000
0.0040223218861734104032090719726966199232265353202819824218750000
0.0057525497304469468823340250196451961528509855270385742187500000
0.0068949007932706217471885423719868413172662258148193359375000000
0.0104166241498431337564323229116780566982924938201904296875000000
0.0111322981255424710567147883466532221063971519470214843750000000
0.0123169671428361316573019124120946798939257860183715820312500000
0.0062207378633963071948298484414863196434453129768371582031250000
0.0017337102407881481696411141157909696630667895078659057617187500
-0.0061318498937581100358129582161836879095062613487243652343750000
-0.0046701797644519175631283580685249035013839602470397949218750000
0.0073924711047987914577794832382551248883828520774841308593750000
0.0033451408244021788203348410917215005611069500446319580078125000
0.0072210405522959309615460554709898133296519517898559570312500000
0.0088662237039883497191627981237616040743887424468994140625000000
0.0047208028868562625438021207457950367825105786323547363281250000
-0.0007156875143790038078239756913490055012516677379608154296875000
0.0155735630854854194271563727625107276253402233123779296875000000
0.0225720977657808512251147448068877565674483776092529296875000000
0.0278135946439650068306992380939846043474972248077392578125000000
0.0115516595061728802318334885512740584090352058410644531250000000
0.0177543788406661386114482326092911534942686557769775390625000000
0.0026369597340702242288523748925399559084326028823852539062500000
-0.0110195609481422100023317867112382373306900262832641601562500000
-0.0049972789154866881569660996831316879251971840858459472656250000
0.0070051209824651327826017244149170437594875693321228027343750000
0.0246745824708108872636014297086148872040212154388427734375000000
-0.0152875350286711848835086158260310185141861438751220703125000000
-0.0296015279722884952495753907442121999338269233703613281250000000
-0.0223305840806845394552748729211089084856212139129638671875000000
0.0029206731756649412928839026903915510047227144241333007812500000
0.2101432669484053772368525869751465506851673126220703125000000000
0.6141689625178088363099959678947925567626953125000000000000000000
0.2101432669483958293188408106288989074528217315673828125000000000
0.0029206731756650280290577015307462716009467840194702148437500000
-0.0223305840806858960090330867842567386105656623840332031250000000
-0.0296015279722875064571940839641683851368725299835205078125000000
-0.0152875350286707893665560931140134925954043865203857421875000000
0.0246745824708118934032174962567296461202204227447509765625000000
0.0070051209824634847952995464481773524312302470207214355468750000
-0.0049972789154862778948640311682538595050573348999023437500000000
-0.0110195609481429784848316444367810618132352828979492187500000000
0.0026369597340713357529196070316857003490440547466278076171875000
0.0177543788406662877976671666147012729197740554809570312500000000
0.0115516595061735897337351630653756728861480951309204101562500000
0.0278135946439640562022344028036968666128814220428466796875000000
0.0225720977657808130611982733171316795051097869873046875000000000
0.0155735630854847064558077462947949243243783712387084960937500000
-0.0007156875143790760156886632259443103976082056760787963867187500
0.0047208028868570310263019784713378612650558352470397949218750000
0.0088662237039888996265046827716105326544493436813354492187500000
0.0072210405522952457457730446321875206194818019866943359375000000
0.0033451408244018414166187636027416374417953193187713623046875000
0.0073924711047983031331209957670580479316413402557373046875000000
-0.0046701797644520945049229077028485335176810622215270996093750000
-0.0061318498937566667458809455126811371883377432823181152343750000
0.0017337102407887256157181798954525220324285328388214111328125000
0.0062207378633961770905691501809542387491092085838317871093750000
0.0123169671428357656306484813057977589778602123260498046875000000
0.0111322981255415429796551407548577117267996072769165039062500000
0.0104166241498412932148243115193508856464177370071411132812500000
0.0068949007932729237252411635950011259410530328750610351562500000
0.0057525497304481637908524227498219261178746819496154785156250000
0.0040223218861722307912454077438724198145791888236999511718750000
0.0063557819264523683980283585981396754505112767219543457031250000
0.0035667727935835484391613459109748873743228614330291748046875000
0.0069102902530496501665169262196286581456661224365234375000000000
0.0065533863046733763918494375388945627491921186447143554687500000
0.0048433084707776930324940600769423326710239052772521972656250000
0.0072146202825823738807864415889525844249874353408813476562500000
0.0044282011496846003170690941885823121992871165275573730468750000
0.0086747792777647093204196337978828523773699998855590820312500000
0.0077218485019879953487609292039905994897708296775817871093750000
0.0025554316243566344707405235681108024436980485916137695312500000
0.0021962086878793175837021323104636394418776035308837890625000000
0.0025338901119922284388419342349152429960668087005615234375000000
0.0001112545251170944090928979774979268313472857698798179626464844
0.0032695055726274179462575997234807800850830972194671630859375000
0.0096201011193460840564828373544514761306345462799072265625000000
0.0083207485468559227309581771692137408535927534103393554687500000
0.0061629535365944577637864476571394334314391016960144042968750000
0.0022728061720697252667822141347642173059284687042236328125000000
0.0017636191306463374055962800568408965773414820432662963867187500
0.0008259293873656459476426117127800807793391868472099304199218750
0.0028070994731362822888209862526309734676033258438110351562500000
0.0048837732256254281701379760249892569845542311668395996093750000
0.0053196717673599513975801755805150605738162994384765625000000000
0.0075690961312796494614429931857557676266878843307495117187500000
0.0082327544458135198945925026237091515213251113891601562500000000
0.0070849355173496567084079345022473717108368873596191406250000000
0.0060012231115655709917655613594433816615492105484008789062500000
0.0037022965235620898354074181924033837276510894298553466796875000
0.0015382276235691816172745927104870133916847407817840576171875000
0.0019465632909154045090266427209257926733698695898056030273437500
0.0016523472363126857562209970353706012247130274772644042968750000
0.0040163885017448211142698788478355709230527281761169433593750000
0.0054671378219890856900442521748573199147358536720275878906250000
0.0032837493463846343863532517559633561177179217338562011718750000
0.0021875816785518762200291043029665161157026886940002441406250000
0.0034660711905544097470588393861135045881383121013641357421875000
0.0039230805141988612377845768719453189987689256668090820312500000
0.0043649920920293744028284343983159487834200263023376464843750000
0.0041815428089152601939804121400356962112709879875183105468750000
0.0027425799704690638144977121726242330623790621757507324218750000
0.0014153741066949218369713792142761121795047074556350708007812500
0.0011315514235553110044402158607113051402848213911056518554687500
0.0020295057904960297698315763170739955967292189598083496093750000
0.0030690297427255976321636143921978145954199135303497314453125000
0.0054904846735601446280905513219749991549178957939147949218750000
0.0078525128694105945925674205909672309644520282745361328125000000
0.0068242938514873306699026755950399092398583889007568359375000000
0.0036930073129709632684392062174083548597991466522216796875000000
0.0014034307475347511124513788516310341947246342897415161132812500
0.0014001727879679698278436728031692837248556315898895263671875000
0.0036168454745068947565889150297380183474160730838775634765625000
0.0059881325762213737443073746646859945030882954597473144531250000
0.0066862575669315270354697844368274672888219356536865234375000000
0.0055239202566823809512075449390522408066317439079284667968750000
0.0040381234860413098633480366572712227934971451759338378906250000
0.0031838900667235637241547774323180419742129743099212646484375000
0.0030095764965630848394861907024733227444812655448913574218750000
0.0035273085193063395161028328317343039088882505893707275390625000
0.0043141276193986964615501022990429191850125789642333984375000000
0.0056281418365008223023138178575663914671167731285095214843750000
0.0058109030710359081337013087420473311794921755790710449218750000
0.0052420786981392103465182685795298311859369277954101562500000000
0.0044624029296259967031224036304593028035014867782592773437500000
0.0047062698328549455034641724182620237115770578384399414062500000
0.0044004554341656385019199149155610939487814903259277343750000000
0.0035479709285727635027785087373786154785193502902984619140625000
0.0027993704983048906496934105092577738105319440364837646484375000
0.0027457421970364798147201668143679853528738021850585937500000000
0.0025747264527812025597386380582065612543374300003051757812500000
0.0021921685469327161117913949084368141484446823596954345703125000
0.0017029657751074724243711688842495277640409767627716064453125000
0.0015516206137951387127732472137608965567778795957565307617187500
0.0021756877231921905278821949281109482399187982082366943359375000
0.0032017234132726331979901246427289152052253484725952148437500000
0.0042502809949668636166353330452238878933712840080261230468750000
0.0039451130864938538378439147891185712069272994995117187500000000
0.0031964536231853918867018560234782853513024747371673583984375000
0.0022969277399546793837215030720244612894020974636077880859375000
0.0021913759453891356460131234484833839815109968185424804687500000
0.0028757747415744622059008417380709943245165050029754638671875000
0.0037404555262995136874493162792987277498468756675720214843750000
0.0041659710056377290826601367257353558670729398727416992187500000
0.0035692447111832334601111416105823082034476101398468017578125000
0.0027102404999581695271837489258359710220247507095336914062500000
0.0019572385492408368723449285653259721584618091583251953125000000
0.0017547240511523395662535351746669221029151231050491333007812500
0.0013752535006618523630989026074189496284816414117813110351562500
0.0015352053118195124747913382634578738361597061157226562500000000
0.0017182738581297703466671533689691386825870722532272338867187500
0.0020407389932413700674163070658551077940501272678375244140625000
0.0025435605369464038376381420647476261365227401256561279296875000
0.0024170819770507529812564317950318582006730139255523681640625000
0.0025937260972163146167945857456516023376025259494781494140625000
0.0021974821766671186022701345308405507239513099193572998046875000
0.0018398131930496958424264830611605248122941702604293823242187500
0.0016336653928797405330858305561037013831082731485366821289062500
0.0016508140601085622388433105101057662977837026119232177734375000
0.0016815014144117290673108300325111486017704010009765625000000000
0.0019763284750329043575056697790159887517802417278289794921875000
0.0020299545450281892937371974738880453514866530895233154296875000
0.0020082199441667290644442100955302521470002830028533935546875000
0.0018841015487370150333079621418619353789836168289184570312500000
0.0015039339560758968866033269407012085139285773038864135742187500
0.0014104159014854517582848725254507371573708951473236083984375000
0.0011653870926880060751584800016189547022804617881774902343750000
0.0012226824520535782732377771964138446492142975330352783203125000
0.0014635045698143502382326808231027825968340039253234863281250000
0.0014623845595683529745983930681063611700665205717086791992187500
0.0017297630782546768741375631250889455259311944246292114257812500
0.0021021909230654460022658103213188951485790312290191650390625000
0.0019421952196563764970332899295613060530740767717361450195312500
0.0017724409534447880913698991633964396896772086620330810546875000
0.0013968762259405798509953600117228234012145549058914184570312500
0.0009024264428724111707438848561935174075188115239143371582031250
0.0007507501521847554726632467669844572810688987374305725097656250
0.0008840480195869536038030811475607606553239747881889343261718750
0.0012146451277094800179356948177655795007012784481048583984375000
0.0013919317673794222734590109169516836118418723344802856445312500
0.0013380896236108120664343168471077660797163844108581542968750000
0.0012089000310400556739698352259892999427393078804016113281250000
0.0013067635774569727122318418821578234201297163963317871093750000
0.0017491699818162347208894136230128424358554184436798095703125000
0.0021485434962561847371809164997102925553917884826660156250000000
0.0022334540189970996347523790603872839710675179958343505859375000
0.0021972013214048911715348122442037492874078452587127685546875000
0.0016532147071012990267868669747031162842176854610443115234375000
0.0010721384843972927170679954045340309676248580217361450195312500
0.0011315018415449513804194037192019095527939498424530029296875000
0.0012487536986541800977656979654284441494382917881011962890625000
0.0013126075666973317790375830327320727519690990447998046875000000
0.0014868380467708448844366131424976629205048084259033203125000000
0.0011641627390615290425085470715771407412830740213394165039062500
0.0006084615586772618156530256783298682421445846557617187500000000
0.0002958521615594356828950195481553464560420252382755279541015625
0.0001983470516929996835947536126809609413612633943557739257812500
0.0004480838952850305176994760714137555623892694711685180664062500
0.0007990693798899722519180066626631742110475897789001464843750000
0.0011827893759625775389754398503328047809191048145294189453125000
0.0012545269212160905548947287257988136843778192996978759765625000
0.0010891606643077861218266155773903847148176282644271850585937500
0.0006872688806234493723995582215025024197530001401901245117187500
0.0004905628969396486896079045969543130922829732298851013183593750
0.0003790750915958694916389759566044403982232324779033660888671875
0.0003449661187839187263468043731506895710481330752372741699218750
0.0003773360994046320751431344842075077394838444888591766357421875
0.0004749825263498769190549653185229317386983893811702728271484375
0.0003537714442272945551508367412196776058408431708812713623046875
0.0001077008217571599746602978298071207063912879675626754760742188
0.0000822072463207891313561118118435899759788298979401588439941406
0.0001674975731624463366233046546227569706388749182224273681640625
0.0002867164673452169527077815214255451792269013822078704833984375
0.0005213436736834293127804129674984778830548748373985290527343750
0.0008458597176168981086538667391039325593737885355949401855468750
0.0009104646754555632695918299113202465377980843186378479003906250
0.0009054659746748020682227675592912419233471155166625976562500000
0.0008229085749241644986984312026834231801331043243408203125000000
0.0006811876086237536988624019507199136569397523999214172363281250
0.0006581533732952956879461159367394884611712768673896789550781250
0.0007969221914248100693128895599670613592024892568588256835937500
0.0010090525773851287232030227158929847064428031444549560546875000
0.0010602590331760446216297077981494112464133650064468383789062500
0.0012259289729977154281143070235771119769196957349777221679687500
0.0012167415322844670703267278000225815048906952142715454101562500
0.0010670499182001006235886997330908343428745865821838378906250000
0.0008347468977008561758987315037927601224509999155998229980468750
0.0006713571313461657447119179664696275722235441207885742187500000
0.0004936053465871779446713651928746457997476682066917419433593750
0.0002173042682084815253092807685320053678879048675298690795898438
0.0000011486622714908474893424862248170192913221399066969752311707
-0.0001745598913075829361311874787787701279739849269390106201171875
-0.0001180647758320072535174333205887364783848170191049575805664062
-0.0000134130672845597734434792622226773062266147462651133537292480
0.0003404371390856362577896632171103874497930519282817840576171875
0.0006634915020727478454296011101121166575467213988304138183593750
0.0009293726570586446130567415124801300407852977514266967773437500
0.0009961590669583151279320443194364997907541692256927490234375000
0.0008372263863614596950124546737015407416038215160369873046875000
0.0006132512601429911201084133054450830968562513589859008789062500
0.0003352430025526259593261768632288521985174156725406646728515625
0.0001786933647694002641383853591250385761668439954519271850585938
0.0001240593030270108318349059350893526243453379720449447631835938
0.0001050437052858235352156834885306579963071271777153015136718750
0.0001847532741542262690100789646052703574241604655981063842773438
0.0003552674957402190427345478607179529717541299760341644287109375
0.0004196464371259840371933269587145787227200344204902648925781250
0.0004540499337845934203598818879044074492412619292736053466796875
0.0004829816462532827698976578556511185524868778884410858154296875
0.0005403178730312102693439380018958217988256365060806274414062500
0.0005934821236546407741824227244364919897634536027908325195312500
0.0005402892541513337710742947983533213118789717555046081542968750
0.0005131979930169684170002120104925324994837865233421325683593750
0.0005084258424090214037796564561233481072122231125831604003906250
0.0004298315747339629343780342818348572109243832528591156005859375
0.0004144203542218900262160408143330414532101713120937347412109375
0.0004013709444797923498425562538471922380267642438411712646484375
0.0003177710080679197086894749446628338773734867572784423828125000
0.0003062748280170741110514653904317583510419353842735290527343750
0.0002712293101617426448191050525338141596876084804534912109375000
0.0002907701656121403034280237243081046472070738673210144042968750
0.0003382783293060149273738523856280835389043204486370086669921875
0.0003906885917803556052159408285007202721317298710346221923828125
0.0005077372552948809054582102184838277025846764445304870605468750
0.0005568535269589552612681804255601036857115104794502258300781250
0.0004899945707722200673520096536606160952942445874214172363281250
0.0004738406313150534602922359095344972956809215247631072998046875
0.0004458490050342601789500063258486761696985922753810882568359375
0.0004208918593034158641720543503339513335959054529666900634765625
0.0003534257405342901780208320072773631181917153298854827880859375
0.0002507121270322700055770137606003800101461820304393768310546875
0.0002602198734852506655824966319556779126287437975406646728515625
0.0003159321341067101085106627600396222987910732626914978027343750
0.0003006757686581651976311102547612108537578023970127105712890625
0.0002394913987096980033560111866819397619110532104969024658203125
0.0001729914096064693186226984833453457213181536644697189331054688
0.0001342441934322636393206451543846924323588609695434570312500000
0.0001870907357530838643466103432544400675396900624036788940429688
0.0001547292008931125720759547359506314023747108876705169677734375
0.0001227640853700259413166379074411338478967081755399703979492188
0.0001254189062032198289080991981947477142966818064451217651367188
0.0002702095470905258641630686256007720658089965581893920898437500
0.0004084521145863505655650149694935180377797223627567291259765625
0.0004542950497106723324429455868056493272888474166393280029296875
0.0004746471472138280123069520310963298470596782863140106201171875
0.0004342847438601736575515543936631956967175938189029693603515625
0.0003427054214414874543266631423676926715415902435779571533203125
0.0002918147373146303519796107561745657221763394773006439208984375
0.0002181192015105558443168604076944916414504405111074447631835938
0.0001285363643929129831393332050737399185891263186931610107421875
0.0001338561416932976255722564928873907774686813354492187500000000
0.0001114399468210281981313952703871450466976966708898544311523438
0.0000990319999157236876370299927252460747695295140147209167480469
0.0001504648864645726738954040202500550549302715808153152465820312
0.0001965767556926654633341067235363652798696421086788177490234375
0.0002423314843997888972954718456165323914319742470979690551757812
0.0003045678359155965073297445133704286490683443844318389892578125
0.0003321321710281090579600093981582631386118009686470031738281250
0.0003042366938077319072838977653816527890739962458610534667968750
0.0003264704665530075819619704180496455592219717800617218017578125
0.0002938738511148833204740526969800384904374368488788604736328125
0.0002788758839893214019033107486933431573561392724514007568359375
0.0002375869882994479742686216861002890254894737154245376586914062
0.0001563127385967947582598447375801242742454633116722106933593750
0.0000132909770961112741065367551240861132555437507107853889465332
-0.0000936836076563656998698534361658118996274424716830253601074219
-0.0001354954987721452381796427566484908311394974589347839355468750
-0.0001779961758693904023010540216276353930879849940538406372070312
-0.0001262203662901183209323063838525058599771000444889068603515625
-0.0000464483420328874318117745589873379685741383582353591918945312
0.0000518782496405465907898107991158553886634763330221176147460938
0.0001028759682329893426983372095584456928918370977044105529785156
0.0001695427149375870615535810692620088957482948899269104003906250
0.0002138602003727910476783141691115019966673571616411209106445312
0.0002464791140549975117721159811878806067397817969322204589843750
0.0002526855960257074103225694017282876302488148212432861328125000
0.0002249491644825922639569504291046087018912658095359802246093750
0.0001943782649424140513468722835099811163672711700201034545898438
0.0001396165562080782518439292516632121987640857696533203125000000
0.0001327634852472568346721387699815863925323355942964553833007812
0.0001598944164483887648512544510381871987192425876855850219726562
0.0001836939773009741067900935096446346506127156317234039306640625
0.0001528552015468461876962491530207444156985729932785034179687500
0.0001154819097136721507733739255918692379054846242070198059082031
0.0001174525275176969773367405269759444763622013852000236511230469
0.0001243220195868209143174459851977076141338329762220382690429688
0.0001482076955933445063136322250585408255574293434619903564453125
0.0001763267340971331575798231039442498513380996882915496826171875
0.0001293517330849231579056879404276969580678269267082214355468750
0.0000611869262618953702872678923618821045238291844725608825683594
0.0000499167264675843050641262932387576256587635725736618041992188
0.0000650783599315279715239943025828495137830032035708427429199219
0.0000730818010445484153581041653069405583664774894714355468750000
0.0000542902132985921307101011279439006784741650335490703582763672
0.0000160674114917505795772575960533856687106890603899955749511719
-0.0000462601804214535485752606003284626012828084640204906463623047
-0.0000769780656279965883569127438335044644190929830074310302734375
-0.0000325734739677862371949774999979609901856747455894947052001953
0.0000397076833959593335915405631908470240887254476547241210937500
0.0000667922825059098670789914375944817948038689792156219482421875
0.0000864155794220049965547944537114233298780163750052452087402344
0.0000724945392201858642084247308368105677800485864281654357910156
0.0000545610724780833645738455095486330037601874209940433502197266
0.0000557657360160714868010933820130503590917214751243591308593750
0.0000566254782743165141424730724128977499276516027748584747314453
0.0000564282590604075752439491853174047264474211260676383972167969
0.0000447845776907630072332516801836277409165631979703903198242188
0.0000050154680737971048040267814382975331000125152058899402618408
-0.0000205683683863210176154430464112721210767631419003009796142578
-0.0000569896701915815313225360805304831046669278293848037719726562
-0.0000790334135254062736686969659061219317663926631212234497070312
-0.0000618735888632787313584984745240546999411890283226966857910156
-0.0000578948042760712167369326064392254238555324263870716094970703
-0.0000357281447592479447714075568853786535328254103660583496093750
-0.0000230130539174491167346385533942765277970465831458568572998047
-0.0000283599989838128718581955478583722651819698512554168701171875
-0.0000454430616019120125082669803262547247868496924638748168945312
-0.0000533721616376132433948696609515849331728531979024410247802734
-0.0000436135147725593677516670032545675894652958959341049194335938
0.0000005661386282050721940756481294354518496447781217284500598907
0.0000232803368405633162151885384716365479107480496168136596679688
0.0000447624755521841346541343786835653872913098894059658050537109
0.0000585078214864716010155075431864446500185295008122920989990234
0.0000243103693550293692871456380233396998846728820353746414184570
-0.0000132307743217021047028598285111300469907291699200868606567383
-0.0000412062359506173663654081396057193842352717183530330657958984
-0.0000371255828238172919065693267093308804760454222559928894042969
-0.0000131695165150833155934565962819071671674464596435427665710449
0.0000007882443911421052513773433285948488702388203819282352924347
0.0000048316746063484120130709920104550292307976633310317993164062
-0.0000093647440885534192909133918703012966489040991291403770446777
-0.0000362957511978539046587459437898104397390852682292461395263672
-0.0000365128136833576903957226944541503144137095659971237182617188
-0.0000060669203852065498641090920961538301980908727273344993591309
0.0000293056383153328496593299085093420330849767196923494338989258
0.0000731821168660940233946163302469756217760732397437095642089844
0.0000769890075170284401712833544095815341279376298189163208007812
0.0000637464842916615108750488793987187818856909871101379394531250
0.0000306813915446881648211793769398525455471826717257499694824219
0.0000253780791347774221618834727953739616168604698032140731811523
0.0000305711685072186859619090826267751026534824632108211517333984
0.0000314008895979725138696524167070123212397447787225246429443359
0.0000314523063766672711827517006089038886784692294895648956298828
0.0000291618277127681282121559463993420990846061613410711288452148
0.0000234169237187339871451591949425008465368591714650392532348633
0.0000102010073446769832438904557214698343159398064017295837402344
0.0000132069921034690595048775516029415655339107615873217582702637
0.0000131429386544621325103769995945590665087365778163075447082520
0.0000384364417134925947139474644576040418542106635868549346923828
0.0000500515314675127522686670644702644494827836751937866210937500
0.0000605255217311929713378849948757221000050776638090610504150391
0.0000839042492198325439616349297189401568175526335835456848144531
0.0000877245434045314983464644575938962134387111291289329528808594
0.0000780466586257116316880516615483998066338244825601577758789062
0.0000739837668575594271849066307922271334973629564046859741210938
0.0000750235313745873061246072222019165565143339335918426513671875
0.0000703873883226321223581523067736043230979703366756439208984375
0.0000828312983597944243237959360826039301173295825719833374023438
0.0000774983881922091673950456214292614731675712391734123229980469
0.0000497655388332202797780842717934035590587882325053215026855469
0.0000178967766458824552213823649848833952091808896511793136596680
-0.0000138330293966719078949849722204312740814202697947621345520020
-0.0000384621044739616324711038719552647080490714870393276214599609
-0.0000424521710882686670318619803765614051371812820434570312500000
-0.0000331571955702948027938994912666714753868291154503822326660156
-0.0000293355954549830501320358683292610635362507309764623641967773
-0.0000311594427464200970402663504188467413769103586673736572265625
-0.0000426621304585922313939994054976523329969495534896850585937500
-0.0000641490948890644456905144044078781462303595617413520812988281
-0.0000701059996139740001196150043227817150182090699672698974609375
-0.0000621376176399191269350899546886068947060266509652137756347656
-0.0000579691215417409526898008531592410008670412935316562652587891
-0.0000538079787146677492558344280126902958727441728115081787109375
-0.0000588141271641697476824442447629337493708590045571327209472656
-0.0000657738458953555468105081627250285691843600943684577941894531
-0.0000721383114814035694521698882653026885236613452434539794921875
-0.0000752356568818518712951984306336328245379263535141944885253906
-0.0000834252250926085419172051338421169930370524525642395019531250
-0.0000874170306858705452052876738733289130323100835084915161132812
-0.0000890563054762460602677837107066238786501344293355941772460938
-0.0000954432307919240925956835819299328704801155254244804382324219
-0.0001084496915113838716362287817318588167836423963308334350585938
-0.0001039408621598321446656554289944551783264614641666412353515625
-0.0000898914637191421160913873400488682818831875920295715332031250
-0.0000768900889604723206983971639516539653413929045200347900390625
-0.0000713406590063253310532095929907825393456732854247093200683594
-0.0000788427643047577905851749924259763702139025554060935974121094
-0.0000896054651598257714600545553729205039417138323187828063964844
-0.0000944738964569277213769241119400987827248172834515571594238281
-0.0000983354903043526462841708579709631976584205403923988342285156
-0.0000982971509320131281526450317542753509769681841135025024414062
-0.0000900623260990620933289993454984312393207801505923271179199219
-0.0000830544360080161985296354210106528626056388020515441894531250
-0.0000717083474058322225099318392160796520329313352704048156738281
-0.0000718125901507211478408745919388422862539300695061683654785156
-0.0000691781225510589351229001620069425371184479445219039916992188
-0.0000545490241169249240544072976355494120070943608880043029785156
-0.0000357957180504739100692680742188400699888006784021854400634766
-0.0000231259379283039826489306450829630534826719667762517929077148
-0.0000244639643451516210594706007830367866517917718738317489624023
-0.0000239460102436590034234633467269404150101763661950826644897461
-0.0000196108053288968073378344125767824834838393144309520721435547
-0.0000209972773659099120799852167262855573426350019872188568115234
-0.0000202376285739893804315869124677007562240760307759046554565430
-0.0000116278867046715126125789457889325717587780673056840896606445
-0.0000127634280658131187100468723061297282583836931735277175903320
-0.0000136699898345900259523898190305857269777334295213222503662109
-0.0000174597869435381283591789125519966319188824854791164398193359
-0.0000358978323454672406593417288700464951034518890082836151123047
-0.0000527493710040934739085791149726389903662493452429771423339844
-0.0000613804799186888806620046588058414727129274979233741760253906
-0.0000521261570294397869290529967667424671162734739482402801513672
-0.0000404619807440913917847939706984305985315586440265178680419922
-0.0000328765535801986777137556616779079377010930329561233520507812
-0.0000315020040402684632142339682392417898881831206381320953369141
-0.0000357730074804123783938775149593425339844543486833572387695312
-0.0000513182471553822052530088870803126610553590580821037292480469
-0.0000597797145758345439109891772400118270525126717984676361083984
-0.0000696810506029279207174109700417830026708543300628662109375000
-0.0000773442171429827228209055722807363508763955906033515930175781
-0.0000754767665473914057877244387917414769617607817053794860839844
-0.0000738664262576609504133348660381841455091489478945732116699219
-0.0000718283827668888538242955577040049774950603023171424865722656
-0.0000805715612059683730910436549876862954988609999418258666992188
-0.0000894271714623740259647588501934478699695318937301635742187500
-0.0000958854609393655686697816031838215167226735502481460571289062
-0.0000966900312505730090244238095209539096686057746410369873046875
-0.0000932352814214496044198030033633983748586615547537803649902344
-0.0000860828967535309905363682947410097767715342342853546142578125
-0.0000813478581192590059854158335284068925830069929361343383789062
-0.0000809119002586149139132076779645785791217349469661712646484375
-0.0000782662094090328785273014133849756035488098859786987304687500
-0.0000765766727922748201111413646202663585427217185497283935546875
-0.0000704600003745833934447329038874840989592485129833221435546875
-0.0000662074847551474387607334248784241026442032307386398315429688
-0.0000604438158678944877436056692943111556814983487129211425781250
-0.0000576294792235043919713909088553549509015283547341823577880859
-0.0000594349489765481681004949399138581611623521894216537475585938
-0.0000617276629332288881380971790058254100586054846644401550292969
-0.0000629688466527833067692965229866786103229969739913940429687500
-0.0000616472582212205166482532625593648845097050070762634277343750
-0.0000558748222155656728833521273980267096703755669295787811279297
-0.0000490569391440595837421481673068512918689521029591560363769531
-0.0000434605204415409041972945258791583000856917351484298706054688
-0.0000405202357868378744117435208416111436235951259732246398925781
-0.0000401643427070725764996966811182232959254179149866104125976562
-0.0000401334470834891030455865434944939806882757693529129028320312
-0.0000398108209946192731910723228150317254403489641845226287841797
-0.0000376841264040747347995388705221841973980190232396125793457031
-0.0000287782930495980542983779776333719269132416229695081710815430
-0.0000190280022666279200697220241877971602662000805139541625976562
-0.0000161460384131459628155678270866602019850688520818948745727539
-0.0000135940153912155633456233794209566667632316239178180694580078
-0.0000154182327021671029484723575153637398216233123093843460083008
-0.0000199255835067465286302313548505438234315079171210527420043945
-0.0000228747686486406928826550788436122729763155803084373474121094
-0.0000229367369576494144884065001788187032616406213492155075073242
-0.0000238779621118502197044466961450837061420315876603126525878906
-0.0000238323508614345018854531466079293977600173093378543853759766
-0.0000249247075910042365366574290685974801817792467772960662841797
-0.0000262300597614894391996619854579009256667632143944501876831055
-0.0000270917523834268064773875966944061133290233556181192398071289
-0.0000290667774901168799372638829048298703128239139914512634277344
-0.0000339191217111506167409575029925150602139183320105075836181641
-0.0000360834939249320621056267566206798846906167455017566680908203
-0.0000368873105680015808053966164248294035132857970893383026123047
-0.0000393400241622839826603243162939094190733158029615879058837891
-0.0000382858427706488172728369057118413820717250928282737731933594
-0.0000368228822188867849760952888349407885471009649336338043212891
-0.0000360872430534143719604509015219662160234292969107627868652344
-0.0000336294575193797962479012875203210342078818939626216888427734
-0.0000310604124378585348827640222335588759960955940186977386474609
-0.0000331273710212458407731520027006411055481294170022010803222656
-0.0000351625918965773576435433767084504097510944120585918426513672
-0.0000356379564083183982296440528436676231649471446871757507324219
-0.0000359926400431810156275297396533119353989604860544204711914062
-0.0000350442348491680584683140298185577421463676728308200836181641
-0.0000335692067684090520796394430114162332756677642464637756347656
-0.0000318369243355489365708207993854728101723594591021537780761719
-0.0000336579606792916644270909076741560284062870778143405914306641
-0.0000332664370830326459643928871390272661301423795521259307861328
-0.0000316622160643473179184384513895622603740775957703590393066406
-0.0000301396252497349830120568908720102285769826266914606094360352
-0.0000296939562618418112559335458877640689934196416288614273071289
-0.0000338197286365124228117370885904335864324821159243583679199219
-0.0000375798405709444605354158097654249104380141943693161010742188
-0.0000368281625174941254670379908731092655216343700885772705078125
-0.0000337837859596301268681750595845869611366651952266693115234375
-0.0000313735258811698340740241330859561230681720189750194549560547
-0.0000282911312901530358362121864157501249792403541505336761474609
-0.0000300920739709554994044133496844395381231151986867189407348633
-0.0000310378021647481877717984766196224200029973872005939483642578
-0.0000317986438967879286106484049145848302941885776817798614501953
-0.0000298206925037328471990091816046231087966589257121086120605469
-0.0000270462131861182556466591947463840028831327799707651138305664
-0.0000259910108485692851435118477798624780916725285351276397705078
-0.0000262516094115940300127241130434541105387324932962656021118164
-0.0000278221450790231313303802612724169307512056548148393630981445
-0.0000285881470576412935718623592462606097797106485813856124877930
-0.0000279173200345404239324648143494300711608957499265670776367188
-0.0000279777965368912380722619254180827397249231580644845962524414
-0.0000320074120112247390251662693128054115732084028422832489013672
-0.0000344739099248371518567114757392033652649843133985996246337891
